# Created by Octave 3.6.4, Tue Oct 11 00:00:41 2016 India Standard Time <unknown@Sourabh>
# name: my_file
# type: matrix
# rows: 23
# columns: 1
 6137699811016.349
 0
 0
 6137699811016.349
 6609830565709.913
 328463853710914.9
 328463853710914.9
 328463853710914.9
 343247971780964.3
 0
 2.456306513043478e+017
 2.456306513043478e+017
 2.456306513043478e+017
 2.456306513043478e+017
 2.456306513043478e+017
 3.582091531586079e+017
 2.456306513043478e+017
 0
 0
 7118279070764.522
 7118279070764.522
 7118279070764.522
 7118279070764.522


